Cost of the solution: 1038
3113
3113
3223
3003
4444

3113
3113
3223
3043
4404

3113
3113
3223
3043
4440

3113
3113
3220
3043
4443

3113
3113
3220
3443
4043

3113
3113
3220
3443
4403

3113
3113
3022
3443
4403

3113
3113
3022
3403
4443

3113
3113
3422
3003
4443

3113
3113
3422
3403
4043

3113
3113
3422
3403
0443

3113
3113
0422
3403
3443

3113
3113
0422
3443
3403

3113
3113
0422
3443
3043

3113
3113
4022
3443
3043

3113
3113
4022
3043
3443

3113
3113
4220
3043
3443

3113
3113
4220
3403
3443

3113
3113
4220
3443
3403

3113
3113
4223
3443
3400

3113
3113
4223
3443
3040

3113
3113
4223
3443
3004

3113
3113
4223
3403
3044

3113
3113
4223
3003
3444

3113
3113
4003
3223
3444

3113
3113
0403
3223
3444

3113
3113
0043
3223
3444

3113
3113
3043
3223
0444

3113
3113
3043
3223
4044

3113
3113
3043
3223
4404

3113
3113
3043
3223
4440

3113
3113
3040
3223
4443

3113
3113
3004
3223
4443

3113
3113
3224
3003
4443

3113
3113
3224
3043
4403

3113
3113
3224
3043
4043

3113
3113
3224
3043
0443

3113
3113
0224
3043
3443

3113
3113
0224
3443
3043

3113
3113
0224
3443
3403

3113
3113
2204
3443
3403

3113
3113
2204
3403
3443

3113
3113
2240
3403
3443

3113
3113
2200
3443
3443

3113
3113
2203
3443
3440

3113
3113
2203
3443
3404

3113
3113
2203
3403
3444

3113
3113
2230
3430
3444

3113
3113
2230
3434
3440

3113
3113
2230
3434
3404

3113
3113
2200
3434
3434

3113
3113
2204
3430
3434

3113
3113
2204
3434
3430

3113
3113
2234
3434
3400

3113
3113
2234
3434
3040

3113
3113
2234
3434
3004

3113
3113
2204
3434
3034

3113
3113
2204
3034
3434

3113
3113
0224
3034
3434

3113
3113
3224
3034
0434

3113
3113
3224
3034
4034

3113
3113
3224
3304
4304

3113
3113
3224
3304
4340

3113
3113
3224
3300
4344

3113
3113
3220
3304
4344

3113
3113
3220
3344
4304

3113
3113
3220
3344
4340

3110
3113
3223
3344
4340

3110
3113
3223
3340
4344

3110
3110
3223
3343
4344

3011
3011
3223
3343
4344

0311
0311
3223
3343
4344

0311
3311
3223
0343
4344

0311
3311
3223
4343
0344

3311
3311
0223
4343
0344

3311
3311
4223
0343
0344

3311
3311
4223
3043
3044

3311
3311
4223
3043
3404

3311
3311
4223
3043
3440

3311
3311
4220
3043
3443

3311
3311
4220
3443
3043

3311
3311
4220
3443
3403

3311
3311
4022
3443
3403

3311
3311
4022
3403
3443

3311
3311
4422
3003
3443

3311
3311
4422
3403
3043

3311
3311
4422
3043
3043

3311
3311
4422
0343
0343

3311
3311
0422
4343
0343

3311
3311
0422
0343
4343

3311
3311
4022
0343
4343

3311
3311
0022
4343
4343

3311
3311
0322
4343
4043

3311
3311
0322
4343
4403

3311
3311
0322
4303
4443

3311
3311
4322
0303
4443

3311
3311
4322
4303
0443

3311
3311
4322
4303
4043

3311
3311
4022
4303
4343

3311
3311
4022
4343
4303

3311
3311
4220
4343
4303

3311
3311
4223
4343
4300

3311
3311
4223
4303
4340

3311
3311
4223
4303
4304

3311
3311
4223
4033
4034

3311
3311
4223
4033
0434

3311
3311
4223
0033
4434

3311
3311
0223
4033
4434

3311
3311
0223
4433
4034

3311
3311
0223
4433
0434

3311
3311
2203
4433
0434

3311
3311
2203
0433
4434

3311
3311
2233
0433
4404

3311
3311
2233
0433
4440

3311
3311
2230
0433
4443

3311
3311
2230
4433
0443

3311
3311
2230
4433
4043

3311
3311
2230
4433
4403

3311
3311
2200
4433
4433

3311
3311
2203
4433
4430

3311
3311
0223
4433
4430

3311
3311
4223
0433
4430

3311
3311
4220
0433
4433

3311
3311
4220
4433
0433

3311
3311
4220
4433
4033

3311
3311
4022
4433
4033

3311
3311
4022
4033
4433

3011
3311
4322
4033
4433

3011
3011
4322
4333
4433

0311
0311
4322
4333
4433

0311
4311
0322
4333
4433

0311
4311
4322
0333
4433

0311
4311
4322
4333
0433

0311
4311
4322
4333
4033

0311
4311
4022
4333
4333

0311
4311
4220
4333
4333

0311
4311
4223
4333
4330

4311
0311
4223
4333
4330

4311
4311
0223
4333
4330

4311
4311
0220
4333
4333

4311
4311
0022
4333
4333

4311
4311
0322
4333
4033

4311
4311
0322
4333
0433

4311
4311
0322
0333
4433

4311
4311
3022
3033
4433

4311
4311
3022
3433
4033

4311
4311
3022
3433
0433

4311
4311
0022
3433
3433

4311
4311
0422
3033
3433

4311
4311
0422
3433
3033

4311
4311
4022
3433
3033

4311
4311
4422
3033
3033

4311
4311
4422
0333
0333

4311
4311
0422
4333
0333

4311
4311
4022
4333
0333

4011
4311
4322
4333
0333

4011
4311
4322
0333
4333

0411
4311
4322
0333
4333

0411
4311
0322
4333
4333

4411
0311
0322
4333
4333

4411
3011
3022
4333
4333

4411
3011
3322
4333
4033

4411
3011
3322
4333
0433

4411
3011
3322
0333
4433

4411
0011
3322
3333
4433

4411
0311
3322
3033
4433

4411
0311
3322
3433
4033

4411
0311
3322
3433
0433

4411
0311
0322
3433
3433

4411
3011
3022
3433
3433

4411
3011
3422
3033
3433

4411
3011
3422
3433
3033

4011
3411
3422
3433
3033

0411
3411
3422
3433
3033

0411
3411
3422
3033
3433

0411
3411
3022
3433
3433

0411
3411
3220
3433
3433

0411
3411
3223
3433
3430

3411
3411
0223
3433
3430

3411
3411
3223
3433
0430

3411
3411
3220
3433
0433

3411
3411
3220
3433
4033

3411
3411
3220
3033
4433

3411
3411
3022
3033
4433

3411
3011
3422
3033
4433

3411
3011
3422
3433
4033

3411
3011
3422
3433
0433

3411
3011
0422
3433
3433

3411
3011
4022
3433
3433

3411
3011
4422
3033
3433

3411
3011
4422
3433
3033

3411
3411
4022
3433
3033

3411
3411
4422
3033
3033

3411
3411
4422
0333
0333

3411
3411
0422
4333
0333

3411
3411
0422
0333
4333

3411
3411
4022
0333
4333

3411
3411
0022
4333
4333

3411
3011
0422
4333
4333

3411
3011
4022
4333
4333

3411
3011
4322
4333
4033

3411
3011
4322
4333
0433

3411
3011
4322
0333
4433

3411
3011
0322
4333
4433

0411
3011
3322
4333
4433

0411
3311
3322
4033
4433

0411
3311
3322
4433
4033

0411
3311
3322
4433
0433

4011
3311
3322
4433
0433

4011
3311
3322
0433
4433

4011
0311
3322
3433
4433

0011
4311
3322
3433
4433

0311
4311
3022
3433
4433

0311
4311
3422
3033
4433

0311
4311
3422
3433
4033

0311
4311
3422
3433
0433

0311
4311
0422
3433
3433

0311
4311
4022
3433
3433

0311
4311
4220
3433
3433

0311
4311
4223
3433
3430

4311
0311
4223
3433
3430

4311
4311
0223
3433
3430

4311
4311
2203
3433
3430

4311
4311
2200
3433
3433

4311
4311
2230
3433
3403

4311
4311
2230
3433
3043

4311
4311
2230
3033
3443

4311
4311
2233
3033
3440

4311
4311
2233
3033
3404

4311
4311
2203
3033
3434

4311
4311
2203
3433
3034

4311
4311
0223
3433
3034

4311
4311
3223
3433
0034

4311
4311
3223
3033
0434

4311
4311
3223
3033
4034

4311
4311
3223
3303
4304

4311
4311
3223
3303
4340

4311
4311
3220
3303
4343

4311
4311
3220
3343
4303

4311
4311
3022
3343
4303

4311
4311
3322
3343
4003

4311
4311
3322
3303
4043

4311
4311
3322
3303
0443

4311
4311
0322
3303
3443

4311
4311
0322
3343
3403

4311
4311
0322
3343
3043

4311
4311
0022
3343
3343

4311
4311
0220
3343
3343

4311
4311
0223
3343
3340

4311
4311
0223
3343
3304

4311
4311
0223
3303
3344

4311
4311
2203
3303
3344

4311
4311
2230
3330
3344

4311
4311
2230
3334
3340

4311
4311
2230
3334
3304

4311
4311
2200
3334
3334

4311
4311
2204
3330
3334

4311
4311
2204
3334
3330

4311
4311
0224
3334
3330

4311
4311
3224
3334
0330

4311
4311
3224
3330
0334

4311
4311
3220
3334
0334

4311
4311
3022
3334
0334

4311
4311
0022
3334
3334

4311
4311
0322
3334
3034

4311
0311
4322
3334
3034

0311
4311
4322
3334
3034

0311
4311
4022
3334
3334

0011
4311
4322
3334
3334

4011
0311
4322
3334
3334

0411
0311
4322
3334
3334

0411
4311
0322
3334
3334

0411
4311
3322
3334
0334

4411
0311
3322
3334
0334

4411
3311
3322
0334
0334

4411
3311
3322
3034
3034

4411
3311
3322
3304
3304

4411
3311
3322
3304
3340

4411
3311
3322
3300
3344

4411
3311
3300
3322
3344

4400
3311
3311
3322
3344

4040
3311
3311
3322
3344

4004
3311
3311
3322
3344

0404
3311
3311
3322
3344

0044
3311
3311
3322
3344

0344
3311
3011
3322
3344

0344
3311
3311
3322
3044

0344
3311
3311
3322
3404

0344
3311
3311
3322
3440

3344
3311
0311
3322
3440

3344
3311
3311
3322
0440

3344
3311
3311
3322
4040

3344
3311
3311
3322
4400

3344
3311
3311
3300
4422

3344
3300
3311
3311
4422

3340
3304
3311
3311
4422

3304
3304
3311
3311
4422

3034
3034
3311
3311
4422

3034
3334
3311
3011
4422

3034
3334
3311
3411
4022

3034
3334
3311
3411
4220

3334
3334
3011
3411
4220

3334
3334
3411
3011
4220

3334
3334
3411
3011
4022

3334
3334
3411
3011
0422

3334
3334
0411
3011
3422

3334
3334
0411
3411
3022

3334
3334
0411
3411
3220

3334
3334
3411
3411
0220

3334
3334
3411
3411
2200

3334
3334
3400
3411
2211

3334
3330
3404
3411
2211

3334
3330
3440
3411
2211

3330
3334
3440
3411
2211

3330
3330
3444
3411
2211

3303
3303
3444
3411
2211

3303
3343
3404
3411
2211

3303
3343
3440
3411
2211

3300
3343
3443
3411
2211

3340
3303
3443
3411
2211

3340
3343
3403
3411
2211

3340
3343
3043
3411
2211

3340
3343
3443
3011
2211

3343
3343
3440
3011
2211

3343
3343
3404
3011
2211

3343
3343
3004
3411
2211

3343
3303
3044
3411
2211

3043
3303
3344
3411
2211

3403
3303
3344
3411
2211

3403
3343
3304
3411
2211

3403
3343
3340
3411
2211

3400
3343
3343
3411
2211

3440
3303
3343
3411
2211

3440
3343
3303
3411
2211

3443
3343
3300
3411
2211

3443
3343
3311
3411
2200

3443
3343
3311
3411
0220

3443
3343
3311
3411
0022

3443
3343
3311
3011
0422

3443
3343
3311
3011
4022

3443
3343
3311
3011
4220

3443
3043
3311
3311
4220

3443
3403
3311
3311
4220

3443
3403
3311
3311
4022

3443
3403
3011
3311
4322

3443
3003
3411
3311
4322

3403
3043
3411
3311
4322

3043
3043
3411
3311
4322

3043
3443
3011
3311
4322

3043
3443
3311
3311
4022

3043
3443
3311
3311
0422

3043
3443
0311
3311
3422

0043
3443
3311
3311
3422

0443
3043
3311
3311
3422

0443
3343
3311
3011
3422

0443
3343
3311
3411
3022

0443
3343
3311
3411
3220

4043
3343
3311
3411
3220

4343
3343
3011
3411
3220

4343
3343
3011
3411
3022

4343
3343
3411
3011
3022

4343
3343
3411
0311
0322

4343
0343
3411
3311
0322

4343
0343
0411
3311
3322

4343
0343
4011
3311
3322

4343
0343
4311
3311
3022

4343
0343
4311
3311
3220

4343
4343
0311
3311
3220

4343
4343
3311
3311
0220

4343
4343
3311
3311
0022

4343
4343
3011
3311
0322

4043
4343
3311
3311
0322

4043
4343
0311
3311
3322

0443
4343
0311
3311
3322

4443
0343
0311
3311
3322

4443
0343
3311
3311
0322

4443
3343
3311
0311
0322

4443
3343
3311
3011
3022

4443
3343
3311
3011
3220

4443
3043
3311
3311
3220

4443
3403
3311
3311
3220

4443
3403
3311
3311
3022

4443
3403
3011
3311
3322

4443
3003
3411
3311
3322

4403
3043
3411
3311
3322

4003
3443
3411
3311
3322

0403
3443
3411
3311
3322

0443
3403
3411
3311
3322

0443
3043
3411
3311
3322

0443
3443
3011
3311
3322

0443
3443
3311
3311
3022

0443
3443
3311
3311
3220

3443
3443
0311
3311
3220

3443
3443
3311
3311
0220

3443
3443
3311
3311
0022

3443
3443
3011
3311
0322

3443
3043
3411
3311
0322

3043
3443
3411
3311
0322

3043
3443
0411
3311
3322

3043
3443
4011
3311
3322

3043
3443
4311
3311
3022

3043
3443
4311
3311
3220

3443
3043
4311
3311
3220

3443
3343
4311
3011
3220

3443
3343
4311
3011
3022

3443
3343
4311
0311
0322

3443
3343
0311
4311
0322

3443
3343
0311
0311
4322

0443
3343
3311
0311
4322

0443
0343
3311
3311
4322

4043
0343
3311
3311
4322

0043
4343
3311
3311
4322

0343
4343
3011
3311
4322

0343
4343
3311
3311
4022

0343
4343
3311
3311
4220

4343
0343
3311
3311
4220

4343
3343
3311
0311
4220

4343
3343
3311
0311
4022

4343
3343
3311
0311
0422

4343
0343
3311
3311
0422

4343
0343
0311
3311
3422

0343
4343
0311
3311
3422

0343
0343
4311
3311
3422

3043
3043
4311
3311
3422

3043
3343
4311
3011
3422

3043
3343
4311
3411
3022

3043
3343
4311
3411
3220

3343
3343
4011
3411
3220

3343
3343
4411
3011
3220

3343
3343
4411
3011
3022

3343
3343
4411
0311
0322

3343
3343
0411
4311
0322

3343
3343
0411
0311
4322

3343
3343
4011
0311
4322

3343
3343
0011
4311
4322

3343
3343
0311
4311
4022

3343
3343
0311
4311
4220

3343
3343
4311
0311
4220

3343
3343
4311
4311
0220

3343
3343
4311
4311
2200

3343
3343
4300
4311
2211

3340
3343
4303
4311
2211

3340
3303
4343
4311
2211

3300
3343
4343
4311
2211

3303
3343
4340
4311
2211

3303
3343
4304
4311
2211

3303
3303
4344
4311
2211

3330
3330
4344
4311
2211

3330
3334
4340
4311
2211

3330
3334
4304
4311
2211

3300
3334
4334
4311
2211

3304
3330
4334
4311
2211

3304
3334
4330
4311
2211

3334
3334
4300
4311
2211

3334
3334
4311
4311
2200

3334
3334
4311
4311
0220

3334
3334
4311
4311
0022

3334
3334
4011
4311
0322

3334
3334
4011
0311
4322

3334
3334
0411
0311
4322

0334
3334
3411
0311
4322

0334
0334
3411
3311
4322

3034
3034
3411
3311
4322

3034
3434
3011
3311
4322

3034
3434
3311
3311
4022

3034
3434
3311
3311
4220

3434
3034
3311
3311
4220

3434
3334
3311
3011
4220

3434
3334
3311
3011
4022

3434
3334
3311
3011
0422

3434
3334
0311
3011
3422

3434
3334
0311
3411
3022

3434
3334
0311
3411
3220

3434
3334
3311
3411
0220

3434
3334
3311
3411
2200

3434
3334
3300
3411
2211

3434
3330
3304
3411
2211

3404
3330
3334
3411
2211

3440
3330
3334
3411
2211

3440
3334
3330
3411
2211

3444
3330
3330
3411
2211

3444
3303
3303
3411
2211

3444
3033
3033
3411
2211

3444
3033
3433
3011
2211

3444
3433
3033
3011
2211

3444
3433
0333
0311
2211

0444
3433
3333
0311
2211

0444
0433
3333
3311
2211

0444
4033
3333
3311
2211

0444
4333
3333
3011
2211

4044
4333
3333
3011
2211

4344
4333
3033
3011
2211

4344
4333
0333
0311
2211

4344
0333
4333
0311
2211

4344
0333
0333
4311
2211

0344
4333
0333
4311
2211

0344
0333
4333
4311
2211

3044
3033
4333
4311
2211

3044
3333
4333
4011
2211

3044
3333
4333
0411
2211

3044
3333
0333
4411
2211

0044
3333
3333
4411
2211

0344
3333
3033
4411
2211

0344
3333
3433
4011
2211

0344
3333
3433
0411
2211

0344
0333
3433
3411
2211

3044
3033
3433
3411
2211

3404
3033
3433
3411
2211

3404
3433
3033
3411
2211

3404
3433
3433
3011
2211

3434
3433
3403
3011
2211

3434
3433
3043
3011
2211

3434
3033
3443
3011
2211

3434
3033
3043
3411
2211

3034
3433
3043
3411
2211

3034
3033
3443
3411
2211

0334
0333
3443
3411
2211

0334
3333
3443
0411
2211

0334
3333
3443
4011
2211

0334
3333
3043
4411
2211

0334
3333
3403
4411
2211

0304
3333
3433
4411
2211

0340
3333
3433
4411
2211

0343
3333
3430
4411
2211

3343
3333
0430
4411
2211

3343
3333
4430
0411
2211

3343
3333
4430
4011
2211

3340
3333
4433
4011
2211

3340
3333
4033
4411
2211

3040
3333
4333
4411
2211

3043
3333
4330
4411
2211

3403
3333
4330
4411
2211

3433
3333
4300
4411
2211

3433
3333
4311
4411
2200

3433
3333
4311
4411
0220

3433
3333
4311
4411
0022

3433
3333
4311
4011
0422

3433
3333
4311
4011
4022

3433
3333
4311
4011
4220

3433
3033
4311
4311
4220

3033
3433
4311
4311
4220

3033
3433
4311
4311
4022

3033
3433
4011
4311
4322

3033
3033
4411
4311
4322

0333
0333
4411
4311
4322

0333
4333
0411
4311
4322

0333
4333
4411
0311
4322

0333
4333
4411
4311
0322

4333
0333
4411
4311
0322

4333
4333
0411
4311
0322

4333
4333
0411
0311
4322

4333
4333
4011
0311
4322

4333
4333
0011
4311
4322

4333
4333
0311
4311
4022

4333
4333
0311
4311
4220

4333
0333
4311
4311
4220

0333
4333
4311
4311
4220

0333
4333
4311
4311
4022

0333
4333
4311
4311
0422

0333
4333
4311
0311
4422

0333
4333
0311
4311
4422

0333
0333
4311
4311
4422

3033
3033
4311
4311
4422

3033
3333
4311
4011
4422

3033
3333
4311
4411
4022

3033
3333
4311
4411
4220

3333
3333
4011
4411
4220

3333
3333
4411
4011
4220

3333
3333
4411
4011
4022

3333
3333
4411
4011
0422

3333
3333
4411
0011
4422

3333
3333
4011
0411
4422

3333
3333
0011
4411
4422

0333
3333
3011
4411
4422

0333
3333
3411
4011
4422

0333
3333
3411
0411
4422

0333
0333
3411
3411
4422

3033
3033
3411
3411
4422

3033
3433
3011
3411
4422

3033
3433
3411
3011
4422

3033
3433
3411
3411
4022

3033
3433
3411
3411
4220

3433
3033
3411
3411
4220

3433
3433
3011
3411
4220

3433
3433
3011
3411
4022

3433
3433
3011
3011
4422

3433
3433
3110
3110
4422

3430
3433
3113
3110
4422

3430
3430
3113
3113
4422

3403
3403
3113
3113
4422

3403
3043
3113
3113
4422

3443
3003
3113
3113
4422

3443
3113
3113
3003
4422

3443
3113
3113
3403
4022

3443
3113
3113
3403
0422

3443
3113
0113
3403
3422

3443
3113
0113
3043
3422

3443
3113
0113
3443
3022

3443
3113
0113
3443
3220

3443
3113
0110
3443
3223

3440
3113
0113
3443
3223

3440
3113
3113
3443
0223

3440
3113
3113
3443
2203

3440
3113
3113
3403
2243

3440
3113
3113
3043
2243

3443
3113
3110
3043
2243

3443
3113
3113
3043
2240

3443
3113
3113
3043
2204

3443
3113
3113
3003
2244

3443
3003
3113
3113
2244

3403
3043
3113
3113
2244

3403
3403
3113
3113
2244

3430
3430
3113
3113
2244

3430
3433
3113
3110
2244

3433
3433
3110
3110
2244

3433
3433
3011
3011
2244

3433
3033
3411
3011
2244

3433
3033
3011
3411
2244

3033
3433
3011
3411
2244

3033
3033
3411
3411
2244

0333
0333
3411
3411
2244

0333
3333
3411
0411
2244

0333
3333
3411
4011
2244

0333
3333
3011
4411
2244

0033
3333
3311
4411
2244

3033
3333
0311
4411
2244

3033
3333
4311
0411
2244

3033
3333
4311
4011
2244

3033
3033
4311
4311
2244

0333
0333
4311
4311
2244

0333
4333
0311
4311
2244

0333
4333
4311
0311
2244

4333
0333
4311
0311
2244

4333
4333
0311
0311
2244

4333
4333
3011
3011
2244

4333
4333
3110
3110
2244

4330
4333
3113
3110
2244

4330
4330
3113
3113
2244

4303
4303
3113
3113
2244

4033
4033
3113
3113
2244

4033
0433
3113
3113
2244

4033
3433
3113
0113
2244

0433
3433
3113
0113
2244

3433
3433
0113
0113
2244

3433
3433
1103
1103
2244

3433
3433
1103
1143
2204

3433
3433
1103
1143
2240

3433
3433
1100
1143
2243

3430
3433
1103
1143
2243

3430
3433
1143
1103
2243

3430
3433
1143
1143
2203

3430
3433
1143
1143
0223

3433
3433
1140
1143
0223

3433
3433
1143
1143
0220

3433
3433
1143
1143
0022

3433
3433
0043
1143
1122

3433
3433
0403
1143
1122

3433
3433
0443
1103
1122

3433
3433
4043
1103
1122

3433
3433
4403
1103
1122

3433
3433
4430
1130
1122

3430
3433
4433
1130
1122

3430
3430
4433
1133
1122

3403
3403
4433
1133
1122

3403
3043
4433
1133
1122

3403
3443
4033
1133
1122

3403
3443
0433
1133
1122

0403
3443
3433
1133
1122

0443
3403
3433
1133
1122

0443
3433
3433
1103
1122

4043
3433
3433
1103
1122

4443
3033
3433
1103
1122

4443
3003
3433
1133
1122

4403
3043
3433
1133
1122

4403
3443
3033
1133
1122

4043
3443
3033
1133
1122

4443
3043
3033
1133
1122

4443
0343
0333
1133
1122

0443
4343
0333
1133
1122

0443
0343
4333
1133
1122

4043
0343
4333
1133
1122

4343
0343
4033
1133
1122

4343
4343
0033
1133
1122

4343
4343
1133
1133
0022

4343
4343
1133
1133
0220

4343
4343
1130
1133
0223

4343
4343
1130
1133
2203

4343
4343
1100
1133
2233

4343
4343
1103
1133
2230

4343
4303
1143
1133
2230

4303
4343
1143
1133
2230

4303
4343
1140
1133
2233

4300
4343
1143
1133
2233

4340
4303
1143
1133
2233

4304
4303
1143
1133
2233

4304
4343
1103
1133
2233

4304
4343
1133
1133
2203

4304
4343
1133
1133
0223

4344
4303
1133
1133
0223

4344
4333
1133
1103
0223

4344
4333
1133
1103
2203

4344
4333
1133
1130
2230

4344
4330
1133
1133
2230

4344
4330
1130
1133
2233

4340
4334
1130
1133
2233

4340
4330
1134
1133
2233

4304
4330
1134
1133
2233

4300
4334
1134
1133
2233

4330
4334
1104
1133
2233

4330
4334
1134
1133
2203

4330
4334
1134
1133
0223

4334
4330
1134
1133
0223

4334
4334
1130
1133
0223

4334
4334
1133
1133
0220

4334
4334
1133
1133
0022

4334
4334
0033
1133
1122

4034
4334
0333
1133
1122

4034
0334
4333
1133
1122

0034
4334
4333
1133
1122

0334
4334
4033
1133
1122

0334
4334
0433
1133
1122

0334
0334
4433
1133
1122

3034
3034
4433
1133
1122

3034
3434
4033
1133
1122

3034
3434
0433
1133
1122

0034
3434
3433
1133
1122

0434
3034
3433
1133
1122

0434
3434
3033
1133
1122

3434
3434
0033
1133
1122

3434
3434
1133
1133
0022

3434
3434
1133
1133
0220

3434
3434
1130
1133
0223

3434
3434
1130
1133
2203

3434
3434
1100
1133
2233

3434
3434
1103
1133
2230

3404
3434
1133
1133
2230

3440
3434
1133
1133
2230

3440
3434
1130
1133
2233

3440
3430
1134
1133
2233

3404
3430
1134
1133
2233

3400
3434
1134
1133
2233

3430
3434
1104
1133
2233

3430
3434
1140
1133
2233

3430
3434
1143
1133
2230

3434
3430
1143
1133
2230

3434
3433
1143
1130
2230

3434
3433
1143
1103
2203

3434
3433
1143
1103
0223

3434
3433
1103
1143
0223

3404
3433
1133
1143
0223

3404
3433
1133
1143
2203

3404
3433
1133
1103
2243

3404
3403
1133
1133
2243

3404
3043
1133
1133
2243

3004
3443
1133
1133
2243

3040
3443
1133
1133
2243

3043
3443
1130
1133
2243

3043
3443
1133
1133
2240

3043
3443
1133
1133
2204

3043
3443
1103
1133
2234

3043
3403
1143
1133
2234

3403
3403
1143
1133
2234

3430
3430
1143
1133
2234

3430
3433
1143
1130
2234

3430
3433
1143
1134
2230

3433
3433
1140
1134
2230

3433
3433
1144
1130
2230

3433
3433
1144
1103
2203

3433
3433
1104
1143
2203

3433
3433
1104
1103
2243

3403
3433
1134
1103
2243

3403
3403
1134
1133
2243

3430
3430
1134
1133
2243

3430
3434
1130
1133
2243

3430
3434
1133
1133
2240

3430
3434
1133
1133
2204

3430
3434
1103
1133
2234

3400
3434
1133
1133
2234

3404
3430
1133
1133
2234

3404
3433
1133
1130
2234

3404
3433
1133
1134
2230

3434
3433
1103
1134
2230

3434
3433
1133
1134
2200

3434
3433
1133
1134
0220

3434
3433
1133
1134
0022

3434
3433
0033
1134
1122

3434
3033
0433
1134
1122

3434
3033
4033
1134
1122

3034
3433
4033
1134
1122

3034
3033
4433
1134
1122

3304
3303
4433
1134
1122

3304
3333
4433
1104
1122

3304
3333
4433
1140
1122

3304
3330
4433
1143
1122

3300
3334
4433
1143
1122

3330
3334
4403
1143
1122

3330
3334
4043
1143
1122

3030
3334
4343
1143
1122

3034
3330
4343
1143
1122

3034
3333
4343
1140
1122

3034
3333
4343
1104
1122

3034
3333
4303
1144
1122

3004
3333
4333
1144
1122

3040
3333
4333
1144
1122

3043
3333
4330
1144
1122

3043
3333
4334
1140
1122

3043
3333
4334
1104
1122

3043
3303
4334
1134
1122

3003
3343
4334
1134
1122

3303
3343
4034
1134
1122

3303
3343
0434
1134
1122

0303
3343
3434
1134
1122

0343
3303
3434
1134
1122

0343
3333
3434
1104
1122

0343
3333
3434
1140
1122

0343
3333
3430
1144
1122

0340
3333
3433
1144
1122

0304
3333
3433
1144
1122

0334
3333
3403
1144
1122

0334
3333
3043
1144
1122

3334
3333
0043
1144
1122

3334
3333
1143
1144
0022

3334
3333
1143
1144
0220

3334
3333
1143
1140
0224

3334
3333
1143
1140
2204

3334
3333
1143
1140
2240

3334
3330
1143
1143
2240

3334
3330
1140
1143
2243

3334
3330
1104
1143
2243

3334
3330
1144
1103
2243

3334
3330
1144
1143
2203

3334
3330
1144
1143
0223

3334
3334
1140
1143
0223

3334
3334
1143
1143
0220

3334
3334
1143
1143
0022

3334
3334
0043
1143
1122

3334
3334
0403
1143
1122

3334
3334
0443
1103
1122

3334
3334
4043
1103
1122

3334
3334
4403
1103
1122

3334
3334
4430
1130
1122

3334
3330
4434
1130
1122

3334
3330
4430
1134
1122

3330
3334
4430
1134
1122

3330
3330
4434
1134
1122

3303
3303
4434
1134
1122

3303
3333
4434
1104
1122

3303
3333
4434
1140
1122

3303
3333
4430
1144
1122

3300
3333
4433
1144
1122

3330
3333
4403
1144
1122

3330
3333
4443
1104
1122

3330
3333
4443
1140
1122

3330
3330
4443
1143
1122

3303
3303
4443
1143
1122

3303
3343
4403
1143
1122

3303
3343
4443
1103
1122

3343
3303
4443
1103
1122

3343
3343
4403
1103
1122

3343
3343
4043
1103
1122

3343
3343
4003
1143
1122

3343
3303
4043
1143
1122

3043
3303
4343
1143
1122

3403
3303
4343
1143
1122

3403
3343
4303
1143
1122

3443
3303
4303
1143
1122

3443
3033
4033
1143
1122

3443
3033
0433
1143
1122

0443
3033
3433
1143
1122

0443
3433
3033
1143
1122

4043
3433
3033
1143
1122

4443
3033
3033
1143
1122

4443
3303
3303
1143
1122

4443
3303
3343
1103
1122

4443
3343
3303
1103
1122

4443
3343
3330
1130
1122

4440
3343
3333
1130
1122

4440
3340
3333
1133
1122

4440
3304
3333
1133
1122

4440
3334
3333
1103
1122

4404
3334
3333
1103
1122

4434
3334
3303
1103
1122

4434
3334
3330
1130
1122

4434
3330
3334
1130
1122

4434
3330
3330
1134
1122

4430
3334
3330
1134
1122

4430
3330
3334
1134
1122

4403
3303
3334
1134
1122

4403
3333
3334
1104
1122

4403
3333
3334
1140
1122

4403
3333
3330
1144
1122

4400
3333
3333
1144
1122

4430
3333
3303
1144
1122

4430
3333
3343
1104
1122

4430
3333
3343
1140
1122

4430
3330
3343
1143
1122

4403
3303
3343
1143
1122

4043
3303
3343
1143
1122

4043
3343
3303
1143
1122

4043
3343
3343
1103
1122

4343
3343
3043
1103
1122

4343
3343
3403
1103
1122

4343
3343
3430
1130
1122

4340
3343
3433
1130
1122

4340
3340
3433
1133
1122

4340
3304
3433
1133
1122

4340
3334
3433
1103
1122

4304
3334
3433
1103
1122

4334
3334
3403
1103
1122

4334
3334
3430
1130
1122

4334
3330
3434
1130
1122

4334
3330
3430
1134
1122

4330
3334
3430
1134
1122

4330
3330
3434
1134
1122

4303
3303
3434
1134
1122

4303
3333
3434
1104
1122

4303
3333
3434
1140
1122

4303
3333
3430
1144
1122

4300
3333
3433
1144
1122

4330
3333
3403
1144
1122

4330
3333
3443
1104
1122

4330
3333
3443
1140
1122

4330
3330
3443
1143
1122

4303
3303
3443
1143
1122

4033
3033
3443
1143
1122

4033
3433
3043
1143
1122

4433
3033
3043
1143
1122

4433
0333
0343
1143
1122

0433
4333
0343
1143
1122

0433
0333
4343
1143
1122

4033
0333
4343
1143
1122

0033
4333
4343
1143
1122

0333
4333
4043
1143
1122

0333
4333
4403
1143
1122

0333
4333
4443
1103
1122

4333
0333
4443
1103
1122

4333
4333
0443
1103
1122

4333
4333
0403
1143
1122

4303
4333
0433
1143
1122

4303
4333
4033
1143
1122

4003
4333
4333
1143
1122

4033
4333
4303
1143
1122

4033
4333
4343
1103
1122

0433
4333
4343
1103
1122

4433
0333
4343
1103
1122

4433
0333
4303
1143
1122

4403
0333
4333
1143
1122

4403
4333
0333
1143
1122

4043
4333
0333
1143
1122

4343
4333
0033
1143
1122

4343
4333
1133
1143
0022

4343
4333
1133
1143
0220

4343
4333
1130
1143
0223

4343
4333
1130
1143
2203

4343
4333
1130
1103
2243

4343
4303
1130
1133
2243

4343
4303
1133
1133
2240

4343
4303
1133
1133
2204

4343
4303
1103
1133
2234

4303
4343
1103
1133
2234

4303
4303
1143
1133
2234

4330
4330
1143
1133
2234

4330
4333
1143
1130
2234

4330
4333
1143
1134
2230

4333
4333
1140
1134
2230

4333
4333
1144
1130
2230

4333
4333
1144
1103
2203

4333
4333
1144
1103
0223

4333
4333
1104
1143
0223

4333
4333
1140
1143
0223

4333
4333
1140
1143
2203

4333
4333
1140
1103
2243

4333
4333
1100
1143
2243

4333
4333
1103
1143
2240

4333
4333
1103
1143
2204

4333
4333
1103
1103
2244

4333
4333
0113
0113
2244

4333
0333
4113
0113
2244

4333
0333
0113
4113
2244

0333
4333
0113
4113
2244

0333
0333
4113
4113
2244

3033
3033
4113
4113
2244

3303
3303
4113
4113
2244

3330
3330
4113
4113
2244

3330
3333
4113
4110
2244

3330
3333
4113
4114
2240

3330
3333
4113
4114
2204

3330
3333
4113
4114
0224

3330
3333
4113
0114
4224

3330
3333
0113
4114
4224

0330
3333
3113
4114
4224

0333
3333
3110
4114
4224

0333
3333
3114
4110
4224

0333
3333
3114
4114
4220

0333
3333
3114
4114
4022

0333
3333
3114
4114
0422

0333
3333
3114
0114
4422

3333
3333
0114
0114
4422

3333
3333
1104
1104
4422

3333
3333
1104
1140
4422

3333
3333
1100
1144
4422

3330
3333
1103
1144
4422

3330
3333
1143
1104
4422

3330
3333
1143
1140
4422

3330
3330
1143
1143
4422

3303
3303
1143
1143
4422

3303
3343
1103
1143
4422

3303
3343
1143
1103
4422

3343
3303
1143
1103
4422

3343
3343
1103
1103
4422

3343
3343
1130
1130
4422

3340
3343
1133
1130
4422

3340
3340
1133
1133
4422

3340
3304
1133
1133
4422

3340
3334
1133
1103
4422

3344
3330
1133
1103
4422

3344
3333
1133
1100
4422

3344
3333
1133
1122
4400

3344
3333
1133
1122
4040

3344
3333
1133
1122
4004

3344
3333
1133
1122
0404

3344
3333
1133
1122
0044

3344
3333
0033
1122
1144

3044
3333
0333
1122
1144

0044
3333
3333
1122
1144

0404
3333
3333
1122
1144

0434
3333
3303
1122
1144

4034
3333
3303
1122
1144

4334
3333
3003
1122
1144

4304
3333
3033
1122
1144

4340
3333
3033
1122
1144

4040
3333
3333
1122
1144

4043
3333
3330
1122
1144

4403
3333
3330
1122
1144

4433
3333
3300
1122
1144

4433
3333
3322
1100
1144

4433
3333
3322
1104
1140

4433
3333
3322
1104
1104

4433
3333
3322
0114
0114