Cost of the solution: 118
3113
3113
3223
3003
4444

3113
3113
3223
3403
4044

3113
3113
3223
3403
0444

3113
3113
0223
3403
3444

3113
3113
2203
3403
3444

3113
3113
2230
3430
3444

3113
3113
2230
3434
3440

3113
3113
2230
3434
3404

3113
3113
2200
3434
3434

3113
3113
0220
3434
3434

3113
3113
0022
3434
3434

3113
3113
0422
3034
3434

3113
3113
4022
3034
3434

3113
3113
4022
3434
3034

3113
3113
4422
3034
3034

3113
3113
4422
3304
3304

3113
3113
4422
3340
3304

3113
3113
4422
3300
3344

3113
3113
4400
3322
3344

3113
3113
4040
3322
3344

3113
3113
0440
3322
3344

3113
3113
3440
3322
0344

3113
3113
3404
3322
0344

3113
3113
3044
3322
0344

3113
3113
3344
3322
0044

3113
3113
3344
3322
0404

3113
3113
3344
3322
4004

3113
3113
3344
3322
4040

3113
3113
3344
3322
4400

3113
3113
3344
3300
4422

3113
3113
3304
3340
4422

3113
3113
3304
3304
4422

3113
3113
3034
3034
4422

3113
3113
0334
0334
4422

0113
3113
3334
0334
4422

0113
0113
3334
3334
4422

1103
1103
3334
3334
4422

1130
1130
3334
3334
4422

1130
1134
3330
3334
4422

1134
1130
3330
3334
4422

1134
1130
3334
3330
4422

1134
1134
3330
3330
4422

1134
1134
3303
3303
4422

1104
1134
3333
3303
4422

1104
1104
3333
3333
4422

0114
0114
3333
3333
4422

0114
3114
3333
0333
4422

3114
3114
0333
0333
4422

3114
3114
3033
3033
4422

3114
3114
3033
3433
4022

3114
3114
3433
3033
4022

3114
3114
3433
3033
0422

3114
3114
3433
3433
0022

3114
3114
3433
3433
0220

3114
3114
3433
3433
2200

3114
3114
3403
3433
2230

3114
3114
3043
3433
2230

3114
3114
3040
3433
2233

3114
3114
3004
3433
2233

3004
3114
3114
3433
2233

3040
3114
3114
3433
2233

3400
3114
3114
3433
2233

3404
3110
3114
3433
2233

3440
3110
3114
3433
2233

3440
3114
3110
3433
2233

3444
3110
3110
3433
2233

3444
3110
3113
3433
2230

3444
3113
3113
3430
2230

3444
3113
3113
3403
2203

3444
3113
3113
3043
2203

3444
3113
3113
3003
2243

3444
3003
3113
3113
2243

3044
3403
3113
3113
2243

3044
3043
3113
3113
2243

0344
0343
3113
3113
2243

0344
3343
3113
0113
2243

3344
3343
0113
0113
2243

3344
3343
1103
1103
2243

3344
3303
1143
1103
2243

3304
3343
1143
1103
2243

3340
3343
1143
1103
2243

3343
3343
1140
1103
2243

3343
3343
1143
1103
2240

3343
3343
1103
1143
2240

3343
3343
1103
1143
2204

3343
3343
1103
1103
2244

3343
3343
0113
0113
2244

0343
3343
3113
0113
2244

0343
0343
3113
3113
2244

3043
3043
3113
3113
2244

3403
3043
3113
3113
2244

3403
3403
3113
3113
2244

3430
3430
3113
3113
2244

3430
3433
3113
3110
2244

3433
3433
3110
3110
2244

3433
3433
3011
3011
2244

3433
3433
0311
0311
2244

0433
3433
3311
0311
2244

4033
3433
3311
0311
2244

4433
3033
3311
0311
2244

4433
3333
3311
0011
2244

4433
3333
3311
2211
0044

4433
3333
3311
2211
0404

4433
3333
3311
2211
4004

4433
3333
3311
2211
4040

4433
3333
3311
2211
4400

4433
3333
3300
2211
4411

4403
3333
3330
2211
4411

4043
3333
3330
2211
4411

0443
3333
3330
2211
4411

3443
3333
0330
2211
4411

3440
3333
0333
2211
4411

3404
3333
0333
2211
4411

3044
3333
0333
2211
4411

3344
3333
0033
2211
4411

3344
3333
2233
0011
4411

3344
3333
2233
4011
0411

3344
3333
2233
4011
4011

3344
3333
2233
4110
4110